mass_A
t,x,y,v
1.125000000E-1,1.303806999E0,1.348390211E-1,1.149181708E0
1.166666667E-1,1.308455323E0,1.331336523E-1,1.186923389E0
1.208333333E-1,1.313093005E0,1.314327736E-1,1.160507142E0
1.250000000E-1,1.317523789E0,1.297737275E-1,1.183774672E0
1.291666667E-1,1.322319410E0,1.279417118E-1,1.243221700E0
1.333333333E-1,1.327232127E0,1.261568899E-1,1.191018284E0
1.375000000E-1,1.331560135E0,1.243198814E-1,1.131807776E0
1.416666667E-1,1.336064851E0,1.228492410E-1,1.180854606E0
1.458333333E-1,1.340683005E0,1.206310069E-1,1.261273031E0
1.500000000E-1,1.345665989E0,1.185724375E-1,1.261496113E0
1.541666667E-1,1.350303226E0,1.163926916E-1,1.093969540E0
1.583333333E-1,1.354430503E0,1.160639954E-1,1.661040261E0
1.625000000E-1,1.364142508E0,1.161182528E-1,1.725551297E0
1.666666667E-1,1.368673588E0,1.140873164E-1,
