mass_A
t,x,y,v
8.750000000E-2,1.302932552E0,1.344603073E-1,1.157852663E0
9.166666667E-2,1.307560779E0,1.330226461E-1,1.189969228E0
9.583333333E-2,1.312252938E0,1.310742185E-1,1.186726064E0
1.000000000E-1,1.316881822E0,1.297183952E-1,1.190015337E0
1.041666667E-1,1.321513067E0,1.275255824E-1,1.221586347E0
1.083333333E-1,1.326315386E0,1.258924371E-1,1.198691256E0
1.125000000E-1,1.330886634E0,1.240733024E-1,1.152114767E0
1.166666667E-1,1.335332355E0,1.225950705E-1,1.189587439E0
1.208333333E-1,1.340109608E0,1.204389035E-1,1.238071716E0
1.250000000E-1,1.344697712E0,1.182665569E-1,1.230406339E0
1.291666667E-1,1.349392581E0,1.160847854E-1,8.530371120E-1
1.333333333E-1,1.351364794E0,1.158002186E-1,1.499234072E0
1.375000000E-1,1.361863227E0,1.168420584E-1,1.932855748E0
