mass_A
t,x,y,v
7.500000000E-2,1.300571973E0,1.350210045E-1,1.165810002E0
7.916666667E-2,1.304999614E0,1.334952880E-1,1.101111641E0
8.333333333E-2,1.309309761E0,1.322194405E-1,1.174025185E0
8.750000000E-2,1.314232511E0,1.302593449E-1,1.164446680E0
9.166666667E-2,1.318394572E0,1.288093909E-1,1.171437911E0
9.583333333E-2,1.323292660E0,1.266247884E-1,1.157513219E0
1.000000000E-1,1.327371237E0,1.252789941E-1,1.128286011E0
1.041666667E-1,1.332087930E0,1.233009295E-1,1.175692439E0
1.083333333E-1,1.336537704E0,1.218198537E-1,1.205965190E0
1.125000000E-1,1.341397874E0,1.195165379E-1,1.175175371E0
1.166666667E-1,1.345307763E0,1.174619372E-1,1.124484991E0
1.208333333E-1,1.350054984E0,1.159298109E-1,1.039201427E0
1.250000000E-1,1.353821199E0,1.158753644E-1,1.756389245E0
1.291666667E-1,1.364691056E0,1.158081606E-1,1.673435866E0
1.333333333E-1,1.367666205E0,1.142058884E-1,1.001092040E0
