mass_A
t,x,y,v
1.291666667E-1,1.302536396E0,1.351133032E-1,1.169274666E0
1.333333333E-1,1.306760189E0,1.333493423E-1,1.163938017E0
1.375000000E-1,1.311514093E0,1.314416652E-1,1.151442700E0
1.416666667E-1,1.315736695E0,1.299591829E-1,1.188842088E0
1.458333333E-1,1.320775329E0,1.279233563E-1,1.238626744E0
1.500000000E-1,1.325386452E0,1.262953603E-1,1.205832814E0
1.541666667E-1,1.330126764E0,1.242456977E-1,1.163331353E0
1.583333333E-1,1.334408637E0,1.227482325E-1,1.193511429E0
1.625000000E-1,1.339403163E0,1.206582304E-1,1.291662843E0
1.666666667E-1,1.344295580E0,1.184927684E-1,1.196525413E0
1.708333333E-1,1.348679934E0,1.170026513E-1,9.987572788E-1
1.750000000E-1,1.352243398E0,1.160221121E-1,1.539919767E0
1.791666667E-1,1.361512158E0,1.168963782E-1,1.631845451E0
