mass_A
t,x,y,v
1.208333333E-1,1.302459351E0,1.353543635E-1,1.113842616E0
1.250000000E-1,1.306877568E0,1.337994507E-1,1.171909367E0
1.291666667E-1,1.311560855E0,1.318137913E-1,1.175335016E0
1.333333333E-1,1.316092721E0,1.304809588E-1,1.141794889E0
1.375000000E-1,1.320366241E0,1.282082951E-1,1.215328232E0
1.416666667E-1,1.325270514E0,1.261985385E-1,1.193106077E0
1.458333333E-1,1.329700672E0,1.247844523E-1,1.085565878E0
1.500000000E-1,1.333906548E0,1.235048515E-1,1.175405830E0
1.541666667E-1,1.338840930E0,1.212632784E-1,1.286828286E0
1.583333333E-1,1.343589159E0,1.188959486E-1,1.284839268E0
1.625000000E-1,1.348559686E0,1.167704502E-1,1.065078171E0
1.666666667E-1,1.352036028E0,1.161705884E-1,9.166813069E-1
1.708333333E-1,1.356181096E0,1.162521861E-1,1.554538996E0
