mass_A
t,x,y,v
1.166666667E-1,1.301929287E0,1.323546151E-1,1.152379892E0
1.208333333E-1,1.306205537E0,1.310766503E-1,1.150300346E0
1.250000000E-1,1.310943247E0,1.290932069E-1,1.214270573E0
1.291666667E-1,1.315680840E0,1.275254244E-1,1.202673481E0
1.333333333E-1,1.320378628E0,1.257139084E-1,1.218336417E0
1.375000000E-1,1.325169384E0,1.239133672E-1,1.221476187E0
1.416666667E-1,1.329822542E0,1.219160309E-1,1.118485361E0
1.458333333E-1,1.333867137E0,1.205630329E-1,1.165468241E0
1.500000000E-1,1.338818207E0,1.182546743E-1,1.303339412E0
1.541666667E-1,1.343736635E0,1.160289552E-1,1.245145250E0
1.583333333E-1,1.348397890E0,1.142677695E-1,9.379271104E-1
1.625000000E-1,1.350841566E0,1.127715441E-1,1.364091941E0
1.666666667E-1,1.359749752E0,1.148625492E-1,1.777353598E0
1.708333333E-1,1.365646734E0,1.131970199E-1,1.100012918E0
1.750000000E-1,1.368542624E0,1.122711876E-1,1.949603549E0
1.791666667E-1,1.377559380E0,1.021496676E-1,1.783820927E0
