mass_A
t,x,y,v
7.500000000E-2,1.300153737E0,1.323856836E-1,1.161477343E0
7.916666667E-2,1.304836691E0,1.310327587E-1,1.172623866E0
8.333333333E-2,1.309524834E0,1.296158634E-1,1.156319309E0
8.750000000E-2,1.313869336E0,1.276766124E-1,1.194005029E0
9.166666667E-2,1.318627702E0,1.255982609E-1,1.225252820E0
9.583333333E-2,1.323424890E0,1.240787709E-1,1.229095223E0
1.000000000E-1,1.328341810E0,1.223510936E-1,1.191562023E0
1.041666667E-1,1.332724381E0,1.205976676E-1,1.176105745E0
1.083333333E-1,1.337325053E0,1.184320876E-1,1.281727005E0
1.125000000E-1,1.342440095E0,1.161603361E-1,1.253893131E0
1.166666667E-1,1.346952045E0,1.143694622E-1,1.016625681E0
1.208333333E-1,1.350319638E0,1.130481723E-1,1.499864586E0
