mass_A
t,x,y,v
6.250000000E-2,1.301717142E0,1.335923992E-1,1.119067143E0
6.666666667E-2,1.306279691E0,1.322587110E-1,1.115974647E0
7.083333333E-2,1.310621992E0,1.309110356E-1,1.144580649E0
7.500000000E-2,1.315169137E0,1.288011877E-1,1.175509517E0
7.916666667E-2,1.319770639E0,1.274092987E-1,1.172772067E0
8.333333333E-2,1.324329535E0,1.253952201E-1,1.202155497E0
8.750000000E-2,1.329105590E0,1.237736053E-1,1.180918948E0
9.166666667E-2,1.333551905E0,1.219611270E-1,1.265107613E0
9.583333333E-2,1.338763683E0,1.195466824E-1,1.355727944E0
1.000000000E-1,1.343883038E0,1.173887691E-1,1.254954621E0
1.041666667E-1,1.348504003E0,1.157394537E-1,1.023516616E0
1.083333333E-1,1.351935436E0,1.145766649E-1,8.483549140E-1
1.125000000E-1,1.355569995E0,1.155128575E-1,1.732751498E0
