mass_A
t,x,y,v
9.583333333E-2,1.303600311E0,1.345216205E-1,1.081663155E0
1.000000000E-1,1.307906347E0,1.332751027E-1,1.131290810E0
1.041666667E-1,1.312473678E0,1.313373364E-1,1.169393471E0
1.083333333E-1,1.317025676E0,1.298397266E-1,1.174600025E0
1.125000000E-1,1.321762976E0,1.282518166E-1,1.181941647E0
1.166666667E-1,1.326262569E0,1.264202631E-1,1.178633768E0
1.208333333E-1,1.330927084E0,1.247177294E-1,1.157991508E0
1.250000000E-1,1.335333819E0,1.231288251E-1,1.203725685E0
1.291666667E-1,1.340111286E0,1.206838285E-1,1.254991467E0
1.333333333E-1,1.344840284E0,1.187696540E-1,1.207303612E0
1.375000000E-1,1.349440663E0,1.169177039E-1,1.023793178E0
1.416666667E-1,1.352974057E0,1.161947565E-1,6.805614692E-1
