mass_A
t,x,y,v
9.166666667E-2,1.301563763E0,1.345174879E-1,1.038627588E0
9.583333333E-2,1.305715098E0,1.332558915E-1,1.120533775E0
1.000000000E-1,1.310304320E0,1.312316353E-1,1.150136077E0
1.041666667E-1,1.314675948E0,1.298551281E-1,1.168924631E0
1.083333333E-1,1.319422322E0,1.278038268E-1,1.116899233E0
1.125000000E-1,1.323303449E0,1.263628984E-1,1.148206816E0
1.166666667E-1,1.328298918E0,1.242316943E-1,1.190980058E0
1.208333333E-1,1.332607621E0,1.229082358E-1,1.200018788E0
1.250000000E-1,1.337636937E0,1.206533510E-1,1.164456476E0
1.291666667E-1,1.341600506E0,1.192624393E-1,1.138483540E0
1.333333333E-1,1.346391202E0,1.169964527E-1,1.152468021E0
1.375000000E-1,1.350486818E0,1.156198628E-1,1.059555814E0
