mass_B
t,x,y
2.583333333E-1,-8.400457862E-3,2.538704149E-1
2.625000000E-1,-8.361503791E-3,2.538284705E-1
2.666666667E-1,-8.292050905E-3,2.537760157E-1
2.708333333E-1,-8.265973298E-3,2.537227173E-1
2.750000000E-1,-7.387006854E-3,2.531471689E-1
2.791666667E-1,-7.252609494E-3,2.529804607E-1
2.833333333E-1,-7.108822453E-3,2.529012909E-1
2.875000000E-1,-6.985292680E-3,2.528407855E-1
2.916666667E-1,-6.204444055E-3,2.517981442E-1
2.958333333E-1,-5.257105522E-3,2.515476256E-1
3.000000000E-1,-4.929768375E-3,2.517465642E-1
3.041666667E-1,-4.307076623E-3,2.511357419E-1
3.083333333E-1,-2.762629450E-3,2.507607556E-1
3.125000000E-1,-2.651160187E-3,2.514801656E-1
3.166666667E-1,-1.475879819E-3,2.508220617E-1
3.208333333E-1,-6.284683305E-4,2.503819560E-1
3.250000000E-1,9.165896040E-4,2.498016821E-1
3.291666667E-1,1.927511543E-3,2.494456238E-1
3.333333333E-1,2.977461239E-3,2.491075279E-1
3.375000000E-1,4.214823117E-3,2.485392827E-1
3.416666667E-1,5.293817527E-3,2.481446032E-1
3.458333333E-1,5.906782847E-3,2.485498686E-1
3.500000000E-1,6.672863424E-3,2.480517974E-1
3.541666667E-1,7.702125269E-3,2.480482106E-1
3.583333333E-1,8.815659012E-3,2.476401651E-1
3.625000000E-1,9.892161746E-3,2.474509379E-1
3.666666667E-1,1.118017111E-2,2.470706008E-1
3.708333333E-1,1.212389071E-2,2.466759322E-1
3.750000000E-1,1.268190628E-2,2.469843398E-1
3.791666667E-1,1.430953033E-2,2.464675490E-1
3.833333333E-1,1.492755518E-2,2.468080859E-1
3.875000000E-1,1.676252568E-2,2.457220492E-1
3.916666667E-1,1.798296555E-2,2.455109054E-1
3.958333333E-1,1.931098139E-2,2.452277667E-1
4.000000000E-1,2.072035502E-2,2.454863365E-1
4.041666667E-1,2.179500892E-2,2.447912436E-1
4.083333333E-1,2.283526535E-2,2.444941873E-1
4.125000000E-1,2.416940888E-2,2.442058607E-1
4.166666667E-1,2.608236513E-2,2.436125226E-1
4.208333333E-1,2.738993661E-2,2.433075834E-1
4.250000000E-1,2.860468602E-2,2.431797068E-1
4.291666667E-1,2.986052206E-2,2.430755781E-1
4.333333333E-1,3.118134339E-2,2.428420805E-1
4.375000000E-1,3.314188651E-2,2.421723316E-1
4.416666667E-1,3.440677381E-2,2.421000604E-1
4.458333333E-1,3.572773549E-2,2.418355271E-1
4.500000000E-1,3.770071993E-2,2.411830860E-1
4.541666667E-1,3.906231287E-2,2.409172334E-1
4.583333333E-1,4.047657941E-2,2.408157080E-1
4.625000000E-1,4.243931523E-2,2.402848523E-1
4.666666667E-1,4.383529134E-2,2.398365686E-1
4.708333333E-1,4.580192551E-2,2.393430825E-1
4.750000000E-1,4.734914951E-2,2.388955144E-1
4.791666667E-1,4.931130526E-2,2.385412106E-1
4.833333333E-1,5.079731914E-2,2.383835402E-1
4.875000000E-1,5.295342089E-2,2.380467714E-1
4.916666667E-1,5.464074627E-2,2.374541824E-1
4.958333333E-1,5.639031376E-2,2.372844188E-1
5.000000000E-1,5.862539148E-2,2.366569328E-1
5.041666667E-1,6.039365946E-2,2.363890528E-1
5.083333333E-1,6.220645768E-2,2.358961785E-1
5.125000000E-1,6.444730702E-2,2.353405120E-1
5.166666667E-1,6.665286731E-2,2.349210069E-1
5.208333333E-1,6.833137339E-2,2.342561783E-1
5.250000000E-1,7.037947993E-2,2.339018998E-1
5.291666667E-1,7.267344866E-2,2.336336704E-1
5.333333333E-1,7.501661700E-2,2.328572098E-1
5.375000000E-1,7.716202238E-2,2.323058358E-1
5.416666667E-1,7.957136680E-2,2.318579376E-1
5.458333333E-1,8.169110011E-2,2.312995073E-1
5.500000000E-1,8.409420903E-2,2.309975324E-1
5.541666667E-1,8.652009428E-2,2.303652374E-1
5.583333333E-1,8.878510354E-2,2.301111275E-1
5.625000000E-1,9.123314903E-2,2.292060006E-1
5.666666667E-1,9.351823451E-2,2.290186025E-1
5.708333333E-1,9.583499547E-2,2.288238791E-1
5.750000000E-1,9.825063359E-2,2.281756294E-1
5.791666667E-1,1.004865386E-1,2.276251100E-1
5.833333333E-1,1.028634442E-1,2.267989994E-1
5.875000000E-1,1.052614834E-1,2.266721115E-1
5.916666667E-1,1.075591034E-1,2.264590005E-1
5.958333333E-1,1.099148749E-1,2.256928141E-1
6.000000000E-1,1.123586468E-1,2.255091160E-1
6.041666667E-1,1.153943184E-1,2.244083820E-1
6.083333333E-1,1.178793299E-1,2.242107710E-1
6.125000000E-1,1.202940963E-1,2.236710161E-1
6.166666667E-1,1.227661840E-1,2.233995786E-1
6.208333333E-1,1.259684029E-1,2.222426338E-1
6.250000000E-1,1.283644577E-1,2.219629780E-1
6.291666667E-1,1.307520002E-1,2.218302795E-1
6.333333333E-1,1.340462569E-1,2.209284896E-1
6.375000000E-1,1.364577952E-1,2.206301623E-1
6.416666667E-1,1.389115679E-1,2.203528303E-1
6.458333333E-1,1.422064638E-1,2.195926135E-1
6.500000000E-1,1.446859964E-1,2.193839359E-1
6.541666667E-1,1.480433208E-1,2.185897468E-1
6.583333333E-1,1.505203522E-1,2.183378015E-1
6.625000000E-1,1.537676709E-1,2.173421209E-1
6.666666667E-1,1.563174924E-1,2.173029617E-1
6.708333333E-1,1.594167120E-1,2.166510484E-1
6.750000000E-1,1.622774441E-1,2.163762220E-1
6.791666667E-1,1.652348329E-1,2.158143460E-1
6.833333333E-1,1.678604516E-1,2.158863300E-1
6.875000000E-1,1.712044435E-1,2.169448976E-1
6.916666667E-1,1.758358300E-1,2.178768885E-1
6.958333333E-1,1.788376029E-1,2.178839125E-1
7.000000000E-1,1.820528410E-1,2.178149985E-1
7.041666667E-1,1.850853330E-1,2.171598758E-1
7.083333333E-1,1.877343758E-1,2.167598875E-1
7.125000000E-1,1.902284746E-1,2.157216615E-1
7.166666667E-1,1.924607055E-1,2.145088838E-1
7.208333333E-1,1.961664613E-1,2.151858610E-1
7.250000000E-1,1.991255542E-1,2.149164064E-1
7.291666667E-1,2.024794396E-1,2.144793693E-1
7.333333333E-1,2.054028351E-1,2.142862869E-1
7.375000000E-1,2.085601522E-1,2.142604631E-1
7.416666667E-1,2.109907359E-1,2.133067916E-1
7.458333333E-1,2.143993471E-1,2.131408986E-1
7.500000000E-1,2.177814168E-1,2.131908719E-1
7.541666667E-1,2.211297048E-1,2.132109691E-1
7.583333333E-1,2.244653026E-1,2.131516301E-1
7.625000000E-1,2.280022384E-1,2.130350118E-1
7.666666667E-1,2.311318261E-1,2.130069052E-1
7.708333333E-1,2.343906087E-1,2.126982313E-1
7.750000000E-1,2.374942505E-1,2.128405416E-1
7.791666667E-1,2.408005628E-1,2.129021322E-1
7.833333333E-1,2.434581670E-1,2.122380171E-1
7.875000000E-1,2.467775858E-1,2.122393968E-1
7.916666667E-1,2.500330332E-1,2.120632833E-1
7.958333333E-1,2.530530561E-1,2.118507047E-1
8.000000000E-1,2.560880588E-1,2.118782876E-1
8.041666667E-1,2.593639464E-1,2.118478214E-1
8.083333333E-1,2.624955082E-1,2.117682592E-1
8.125000000E-1,2.657061209E-1,2.115815024E-1
8.166666667E-1,2.689392719E-1,2.116591658E-1
8.208333333E-1,2.722724992E-1,2.116834954E-1
8.250000000E-1,2.755334519E-1,2.116440189E-1
8.291666667E-1,2.787199244E-1,2.116068307E-1
8.333333333E-1,2.818408934E-1,2.115893149E-1
8.375000000E-1,2.851433130E-1,2.115861813E-1
8.416666667E-1,2.884673540E-1,2.115928754E-1
8.458333333E-1,2.916147465E-1,2.115782112E-1
8.500000000E-1,2.949719427E-1,2.113246240E-1
8.541666667E-1,2.980876091E-1,2.113399291E-1
8.583333333E-1,3.013551725E-1,2.114139108E-1
8.625000000E-1,3.046104881E-1,2.112863336E-1
8.666666667E-1,3.075121955E-1,2.108328944E-1
8.708333333E-1,3.107718736E-1,2.104239975E-1
8.750000000E-1,3.139900771E-1,2.103505556E-1
8.791666667E-1,3.172463596E-1,2.102775791E-1
8.833333333E-1,3.206799297E-1,2.101995393E-1
8.875000000E-1,3.235831997E-1,2.093664727E-1
8.916666667E-1,3.268533190E-1,2.091228603E-1
8.958333333E-1,3.302359222E-1,2.090426677E-1
9.000000000E-1,3.335062246E-1,2.089943242E-1
9.041666667E-1,3.365186853E-1,2.082846330E-1
9.083333333E-1,3.397351977E-1,2.078344581E-1
9.125000000E-1,3.430227067E-1,2.076372199E-1
9.166666667E-1,3.462781361E-1,2.070033902E-1
9.208333333E-1,3.497938196E-1,2.066195866E-1
9.250000000E-1,3.532466302E-1,2.062253411E-1
9.291666667E-1,3.562999883E-1,2.054395680E-1
9.333333333E-1,3.595775607E-1,2.052724781E-1
9.375000000E-1,3.628897408E-1,2.043248325E-1
9.416666667E-1,3.666313154E-1,2.039426828E-1
9.458333333E-1,3.696913449E-1,2.032334831E-1
9.500000000E-1,3.730834116E-1,2.031513484E-1
9.541666667E-1,3.766943699E-1,2.030158013E-1
9.583333333E-1,3.802443721E-1,2.022561869E-1
9.625000000E-1,3.840203829E-1,2.013212860E-1
9.666666667E-1,3.868598799E-1,2.004097539E-1
9.708333333E-1,3.903667899E-1,1.987666793E-1
9.750000000E-1,3.936946967E-1,1.976863393E-1
9.791666667E-1,3.971974011E-1,1.963976873E-1
9.833333333E-1,4.005820008E-1,1.950565525E-1
9.875000000E-1,4.042082620E-1,1.937661890E-1
9.916666667E-1,4.079401834E-1,1.924668356E-1
9.958333333E-1,4.113765937E-1,1.911955961E-1
1.000000000E0,4.149139926E-1,1.898724231E-1
1.004166667E0,4.183651242E-1,1.882853093E-1
1.008333333E0,4.219960895E-1,1.865795134E-1
1.012500000E0,4.254636913E-1,1.850627637E-1
1.016666667E0,4.289003248E-1,1.831388987E-1
1.020833333E0,4.325757814E-1,1.817722999E-1
1.025000000E0,4.367225335E-1,1.796503627E-1
1.029166667E0,4.404773693E-1,1.782777790E-1
1.033333333E0,4.439987370E-1,1.760493091E-1
1.037500000E0,4.477708143E-1,1.744616348E-1
1.041666667E0,4.517700004E-1,1.724911701E-1
1.045833333E0,4.556110539E-1,1.703560141E-1
1.050000000E0,4.596669917E-1,1.686308413E-1
1.054166667E0,4.636747107E-1,1.665796387E-1
1.058333333E0,4.679274248E-1,1.641967611E-1
1.062500000E0,4.718015474E-1,1.619767566E-1
1.066666667E0,4.761421440E-1,1.598929514E-1
1.070833333E0,4.800943921E-1,1.574953546E-1
1.075000000E0,4.844952380E-1,1.556028575E-1
1.079166667E0,4.887765060E-1,1.535978357E-1
1.083333333E0,4.930932752E-1,1.510894911E-1
1.087500000E0,4.974790734E-1,1.489525548E-1
1.091666667E0,5.018562621E-1,1.467430692E-1
1.095833333E0,5.064266749E-1,1.445067169E-1
1.100000000E0,5.108973893E-1,1.421005891E-1
1.104166667E0,5.157285147E-1,1.404327676E-1
1.108333333E0,5.203386661E-1,1.383664964E-1
1.112500000E0,5.250063801E-1,1.361025306E-1
1.116666667E0,5.299539269E-1,1.337164237E-1
1.120833333E0,5.351938023E-1,1.324917374E-1
1.125000000E0,5.401036910E-1,1.303495660E-1
1.129166667E0,5.452345730E-1,1.287412939E-1
1.133333333E0,5.506052825E-1,1.274469341E-1
1.137500000E0,5.557135771E-1,1.256968283E-1
1.141666667E0,5.610483484E-1,1.243227748E-1
1.145833333E0,5.666137230E-1,1.241047540E-1
1.150000000E0,5.720592869E-1,1.235037111E-1
1.154166667E0,5.772191763E-1,1.231082767E-1
1.158333333E0,5.827888448E-1,1.215270483E-1
1.162500000E0,5.879948554E-1,1.215447650E-1
1.166666667E0,5.934998632E-1,1.207634344E-1
1.170833333E0,5.993333014E-1,1.214497432E-1
1.175000000E0,6.049879302E-1,1.214710000E-1
1.179166667E0,6.106772959E-1,1.216431076E-1
1.183333333E0,6.162425480E-1,1.218349997E-1
1.187500000E0,6.215606565E-1,1.227684634E-1
1.191666667E0,6.272096758E-1,1.230619083E-1
1.195833333E0,6.324287507E-1,1.238911695E-1
1.200000000E0,6.377062340E-1,1.245112515E-1
1.204166667E0,6.430762409E-1,1.250550513E-1
1.208333333E0,6.481870402E-1,1.264668702E-1
1.212500000E0,6.535040429E-1,1.269871756E-1
1.216666667E0,6.586670682E-1,1.283046887E-1
1.220833333E0,6.643583780E-1,1.290581997E-1
1.225000000E0,6.692510608E-1,1.303268971E-1
1.229166667E0,6.747820240E-1,1.312061696E-1
1.233333333E0,6.795903022E-1,1.324909844E-1
1.237500000E0,6.850056127E-1,1.326962758E-1
1.241666667E0,6.900545596E-1,1.340814023E-1
1.245833333E0,6.950204106E-1,1.351965654E-1
1.250000000E0,7.002830026E-1,1.356740950E-1
1.254166667E0,7.051005858E-1,1.367741004E-1
1.258333333E0,7.098248836E-1,1.375221596E-1
1.262500000E0,7.152720265E-1,1.377996678E-1
1.266666667E0,7.201368032E-1,1.386681591E-1
1.270833333E0,7.248780306E-1,1.396628500E-1
1.275000000E0,7.304426288E-1,1.398714698E-1
1.279166667E0,7.352595764E-1,1.406293028E-1
1.283333333E0,7.403542302E-1,1.414496089E-1
1.287500000E0,7.454833142E-1,1.415440416E-1
1.291666667E0,7.504032519E-1,1.419689781E-1
1.295833333E0,7.550890461E-1,1.425924875E-1
1.300000000E0,7.599977361E-1,1.432162711E-1
1.304166667E0,7.647099298E-1,1.432368072E-1
1.308333333E0,7.693777911E-1,1.428187389E-1
1.312500000E0,7.742751459E-1,1.416416876E-1
1.316666667E0,7.792903096E-1,1.414959689E-1
1.320833333E0,7.844527402E-1,1.406911275E-1
1.325000000E0,7.896184131E-1,1.398254880E-1
1.329166667E0,7.945225025E-1,1.391084733E-1
1.333333333E0,7.994307393E-1,1.379643199E-1
1.337500000E0,8.048195895E-1,1.367970976E-1
1.341666667E0,8.096216557E-1,1.354171602E-1
1.345833333E0,8.144859054E-1,1.338076799E-1
1.350000000E0,8.193760404E-1,1.321655691E-1
1.354166667E0,8.238913263E-1,1.308246203E-1
1.358333333E0,8.290732082E-1,1.293920337E-1
1.362500000E0,8.339325252E-1,1.275017064E-1
1.366666667E0,8.386592241E-1,1.252849506E-1
1.370833333E0,8.439548941E-1,1.237565316E-1
1.375000000E0,8.490249167E-1,1.218306788E-1
1.379166667E0,8.545217763E-1,1.202714225E-1
1.383333333E0,8.595054011E-1,1.181449363E-1
1.387500000E0,8.649400587E-1,1.161435526E-1
1.391666667E0,8.700455242E-1,1.144320330E-1
1.395833333E0,8.755883240E-1,1.122742627E-1
1.400000000E0,8.810477087E-1,1.104225851E-1
1.404166667E0,8.863765429E-1,1.085006417E-1
1.408333333E0,8.918438283E-1,1.065503278E-1
1.412500000E0,8.973370044E-1,1.049162702E-1
1.416666667E0,9.026088531E-1,1.031532222E-1
1.420833333E0,9.081530782E-1,1.016224660E-1
1.425000000E0,9.138863806E-1,1.001751735E-1
1.429166667E0,9.196808976E-1,9.866314050E-2
1.433333333E0,9.255946592E-1,9.717844935E-2
1.437500000E0,9.317742127E-1,9.603814081E-2
1.441666667E0,9.372489614E-1,9.541384011E-2
1.445833333E0,9.432868197E-1,9.493516520E-2
1.450000000E0,9.490207028E-1,9.441677979E-2
1.454166667E0,9.546369209E-1,9.547032878E-2
1.458333333E0,9.607370622E-1,9.549220023E-2
1.462500000E0,9.662463595E-1,9.525895671E-2
1.466666667E0,9.722021609E-1,9.528622153E-2
1.470833333E0,9.779573412E-1,9.628945523E-2
1.475000000E0,9.839482485E-1,9.685023790E-2
1.479166667E0,9.897274065E-1,9.773383282E-2
1.483333333E0,9.954710339E-1,9.894964533E-2
1.487500000E0,1.001275264E0,1.003771406E-1
1.491666667E0,1.007004975E0,1.019400215E-1
1.495833333E0,1.012662850E0,1.032796156E-1
1.500000000E0,1.018259245E0,1.046349855E-1
1.504166667E0,1.023273742E0,1.067323857E-1
1.508333333E0,1.028831059E0,1.078881697E-1
1.512500000E0,1.033823197E0,1.101751961E-1
1.516666667E0,1.039312277E0,1.118015697E-1
1.520833333E0,1.044123149E0,1.137940123E-1
1.525000000E0,1.048892010E0,1.160420317E-1
1.529166667E0,1.053615913E0,1.181095280E-1
1.533333333E0,1.058667461E0,1.194602582E-1
1.537500000E0,1.063644562E0,1.217515024E-1
1.541666667E0,1.068299204E0,1.239686040E-1
1.545833333E0,1.072654628E0,1.258920298E-1
1.550000000E0,1.077185104E0,1.284712868E-1
1.554166667E0,1.081763832E0,1.300138177E-1
1.558333333E0,1.085999957E0,1.318090239E-1
1.562500000E0,1.090591840E0,1.332152924E-1
1.566666667E0,1.094934835E0,1.350372440E-1
1.570833333E0,1.099035960E0,1.376084308E-1
1.575000000E0,1.103469003E0,1.397583335E-1
1.579166667E0,1.108064743E0,1.412517168E-1
1.583333333E0,1.112703366E0,1.427993064E-1
1.587500000E0,1.117030700E0,1.443278533E-1
1.591666667E0,1.121326260E0,1.461764253E-1
1.595833333E0,1.125516935E0,1.476472101E-1
1.600000000E0,1.129857954E0,1.491282820E-1
1.604166667E0,1.133911372E0,1.513429678E-1
1.608333333E0,1.137910559E0,1.527451221E-1
1.612500000E0,1.141684713E0,1.541984895E-1
1.616666667E0,1.145401849E0,1.556273962E-1
1.620833333E0,1.149638215E0,1.562448876E-1
1.625000000E0,1.153832089E0,1.568932517E-1
1.629166667E0,1.157987075E0,1.579324451E-1
1.633333333E0,1.162381276E0,1.582600147E-1
1.637500000E0,1.166492489E0,1.595450131E-1
1.641666667E0,1.170871815E0,1.597080568E-1
1.645833333E0,1.174767392E0,1.605147348E-1
1.650000000E0,1.179103544E0,1.605411538E-1
1.654166667E0,1.183341985E0,1.605111679E-1
1.658333333E0,1.187399861E0,1.605917019E-1
1.662500000E0,1.191693129E0,1.604935488E-1
1.666666667E0,1.195781938E0,1.605913883E-1
1.670833333E0,1.199880942E0,1.604802497E-1
1.675000000E0,1.203793148E0,1.605142505E-1
1.679166667E0,1.207874937E0,1.601709157E-1
1.683333333E0,1.211798077E0,1.600139298E-1
1.687500000E0,1.216003463E0,1.592164802E-1
1.691666667E0,1.219973022E0,1.584036284E-1
1.695833333E0,1.224220344E0,1.578846343E-1
1.700000000E0,1.228604256E0,1.571230682E-1
1.704166667E0,1.232503263E0,1.567850496E-1
1.708333333E0,1.237051284E0,1.556042662E-1
1.712500000E0,1.241117656E0,1.547846586E-1
1.716666667E0,1.245285490E0,1.539038829E-1
1.720833333E0,1.249477845E0,1.528489324E-1
1.725000000E0,1.253537749E0,1.520077931E-1
1.729166667E0,1.258047323E0,1.507103560E-1
1.733333333E0,1.262398227E0,1.494240570E-1
1.737500000E0,1.266421329E0,1.482852709E-1
1.741666667E0,1.270674339E0,1.471820089E-1
1.745833333E0,1.275039573E0,1.457977753E-1
1.750000000E0,1.279575098E0,1.441752669E-1
1.754166667E0,1.283659552E0,1.427717906E-1
1.758333333E0,1.288006526E0,1.413257513E-1
1.762500000E0,1.292496417E0,1.398701061E-1
1.766666667E0,1.297047994E0,1.381836758E-1
1.770833333E0,1.301711090E0,1.366023780E-1
1.775000000E0,1.306254371E0,1.352474691E-1
1.779166667E0,1.310818734E0,1.330413932E-1
1.783333333E0,1.315143518E0,1.316879114E-1
1.787500000E0,1.319692305E0,1.295490834E-1
1.791666667E0,1.323998058E0,1.280538468E-1
1.795833333E0,1.328591019E0,1.260984748E-1
1.800000000E0,1.333294479E0,1.239051379E-1
1.804166667E0,1.337911637E0,1.218705248E-1
1.808333333E0,1.341326659E0,1.207630620E-1
