mass_A
t,x,y,v
2.166666667E-1,1.300218966E0,1.524297674E-1,7.972962412E-1
2.208333333E-1,1.303329858E0,1.514970228E-1,7.957687991E-1
2.250000000E-1,1.306490250E0,1.502741798E-1,8.054276173E-1
2.291666667E-1,1.309634776E0,1.491953783E-1,8.347161510E-1
2.333333333E-1,1.313073347E0,1.480273341E-1,8.466823397E-1
2.375000000E-1,1.316285023E0,1.468380636E-1,8.333923101E-1
2.416666667E-1,1.319539262E0,1.454927579E-1,8.166726829E-1
2.458333333E-1,1.322632735E0,1.443839201E-1,8.319479591E-1
2.500000000E-1,1.326003918E0,1.429880964E-1,8.530092525E-1
2.541666667E-1,1.329222031E0,1.417173358E-1,8.644215368E-1
2.583333333E-1,1.332553010E0,1.399880995E-1,8.750738295E-1
2.625000000E-1,1.335827121E0,1.386270011E-1,8.722668183E-1
2.666666667E-1,1.339302133E0,1.372888200E-1,8.586103003E-1
2.708333333E-1,1.342289095E0,1.355548462E-1,8.466082971E-1
2.750000000E-1,1.345460633E0,1.338468903E-1,8.722282556E-1
2.791666667E-1,1.348758178E0,1.322407757E-1,8.924101719E-1
2.833333333E-1,1.352102645E0,1.305019028E-1,8.853571266E-1
2.875000000E-1,1.355419581E0,1.290689880E-1,8.325521934E-1
2.916666667E-1,1.358465885E0,1.277371029E-1,8.371021436E-1
2.958333333E-1,1.361610098E0,1.258534014E-1,8.494004834E-1
