mass_A
t,x,y,v
1.416666667E-1,1.299670587E0,1.511303569E-1,7.696357364E-1
1.458333333E-1,1.302601270E0,1.497185470E-1,7.674095976E-1
1.500000000E-1,1.305361795E0,1.482136468E-1,7.684784573E-1
1.541666667E-1,1.308343204E0,1.468828376E-1,7.967011593E-1
1.583333333E-1,1.311431382E0,1.455231482E-1,7.810033582E-1
1.625000000E-1,1.314316890E0,1.442994597E-1,7.696045410E-1
1.666666667E-1,1.317333796E0,1.430145954E-1,7.508404301E-1
1.708333333E-1,1.320158291E0,1.420571098E-1,7.798133463E-1
1.750000000E-1,1.323387652E0,1.406522642E-1,7.848873594E-1
1.791666667E-1,1.326140244E0,1.394118572E-1,7.816310625E-1
1.833333333E-1,1.329447616E0,1.382640197E-1,7.761924367E-1
1.875000000E-1,1.332189671E0,1.371221079E-1,7.433527062E-1
1.916666667E-1,1.335245675E0,1.360832726E-1,8.101807655E-1
1.958333333E-1,1.338526735E0,1.347930616E-1,8.662651242E-1
2.000000000E-1,1.342021845E0,1.335941579E-1,8.597745474E-1
