mass_A
t,x,y,v
1.708333333E-1,1.302229603E0,1.545170040E-1,7.607267602E-1
1.750000000E-1,1.305241640E0,1.531073225E-1,7.428566752E-1
1.791666667E-1,1.307890152E0,1.520109849E-1,7.091466612E-1
1.833333333E-1,1.310703323E0,1.508505832E-1,7.307286064E-1
1.875000000E-1,1.313509427E0,1.496647966E-1,7.742579995E-1
1.916666667E-1,1.316709709E0,1.484939827E-1,7.781469784E-1
1.958333333E-1,1.319542735E0,1.472880974E-1,7.455936638E-1
2.000000000E-1,1.322460893E0,1.461426566E-1,7.465599167E-1
2.041666667E-1,1.325327401E0,1.449984208E-1,7.910103684E-1
2.083333333E-1,1.328632688E0,1.438274543E-1,8.502335541E-1
2.125000000E-1,1.332008732E0,1.426402440E-1,7.932502977E-1
2.166666667E-1,1.334817656E0,1.414942588E-1,7.671484238E-1
2.208333333E-1,1.338016867E0,1.404558620E-1,8.228201382E-1
2.250000000E-1,1.341273806E0,1.391846448E-1,8.570938679E-1
2.291666667E-1,1.344701141E0,1.379389060E-1,8.410753934E-1
2.333333333E-1,1.347866046E0,1.368039072E-1,8.050351943E-1
2.375000000E-1,1.350975074E0,1.355633148E-1,8.917166000E-1
2.416666667E-1,1.354909823E0,1.344365164E-1,9.408949142E-1
2.458333333E-1,1.358457170E0,1.332189073E-1,9.137346092E-1
2.500000000E-1,1.362077943E0,1.318678623E-1,
