mass_A
t,x,y,v
1.791666667E-1,1.300819620E0,1.472209144E-1,7.578611942E-1
1.833333333E-1,1.304068360E0,1.459569988E-1,7.779742458E-1
1.875000000E-1,1.306967494E0,1.451631288E-1,7.402872380E-1
1.916666667E-1,1.309840589E0,1.437801468E-1,8.106047772E-1
1.958333333E-1,1.313159388E0,1.424629416E-1,8.007500896E-1
2.000000000E-1,1.316153294E0,1.416173768E-1,7.699101592E-1
2.041666667E-1,1.319141575E0,1.401440119E-1,8.074680692E-1
2.083333333E-1,1.322450248E0,1.392453577E-1,8.312443925E-1
2.125000000E-1,1.325678497E0,1.378521811E-1,8.375852035E-1
2.166666667E-1,1.328949223E0,1.366993798E-1,8.331068797E-1
2.208333333E-1,1.332178424E0,1.354129094E-1,8.231872726E-1
2.250000000E-1,1.335381952E0,1.343164934E-1,8.627322965E-1
2.291666667E-1,1.338946420E0,1.329875784E-1,8.779675349E-1
2.333333333E-1,1.342236677E0,1.317586844E-1,9.052813828E-1
2.375000000E-1,1.346116957E0,1.306433297E-1,9.365063692E-1
2.416666667E-1,1.349675874E0,1.293998296E-1,9.325293517E-1
2.458333333E-1,1.353429896E0,1.280145329E-1,9.386765396E-1
2.500000000E-1,1.357063337E0,1.268280891E-1,9.553904840E-1
2.541666667E-1,1.360992115E0,1.255246101E-1,1.035870930E0
