mass_A
t,x,y,v
2.250000000E-1,1.300568366E0,1.487954716E-1,7.981937324E-1
2.291666667E-1,1.303618271E0,1.477293132E-1,8.366919229E-1
2.333333333E-1,1.307049342E0,1.462241356E-1,8.548443194E-1
2.375000000E-1,1.310188548E0,1.449763881E-1,8.462314439E-1
2.416666667E-1,1.313777267E0,1.441111466E-1,9.185576402E-1
2.458333333E-1,1.317443198E0,1.425343236E-1,8.689427541E-1
2.500000000E-1,1.320617424E0,1.417347877E-1,8.383929968E-1
2.541666667E-1,1.324076178E0,1.403397235E-1,8.918101547E-1
2.583333333E-1,1.327653205E0,1.393413160E-1,8.743135306E-1
2.625000000E-1,1.331069608E0,1.382959670E-1,8.832477308E-1
2.666666667E-1,1.334618380E0,1.369618643E-1,9.059336016E-1
2.708333333E-1,1.338222712E0,1.358819967E-1,9.425975130E-1
2.750000000E-1,1.342143282E0,1.347087426E-1,9.361413000E-1
2.791666667E-1,1.345523726E0,1.331336216E-1,9.673891417E-1
2.833333333E-1,1.349610411E0,1.316704877E-1,9.897530202E-1
2.875000000E-1,1.353313464E0,1.304228050E-1,9.938552672E-1
2.916666667E-1,1.357454437E0,1.290125018E-1,1.069238979E0
2.958333333E-1,1.361767838E0,1.276090101E-1,1.060410355E0
3.000000000E-1,1.365927415E0,1.265031514E-1,1.097288904E0
