mass_B
t,x,y,v
1.791666667E-1,1.300347528E0,1.500285071E-1,8.150836059E-1
1.833333333E-1,1.303460184E0,1.487272020E-1,8.391441472E-1
1.875000000E-1,1.306870952E0,1.475095517E-1,8.496164500E-1
1.916666667E-1,1.309950740E0,1.458985935E-1,8.233267507E-1
1.958333333E-1,1.313159891E0,1.447666790E-1,8.379173921E-1
2.000000000E-1,1.316475844E0,1.434125640E-1,8.558598822E-1
2.041666667E-1,1.319840989E0,1.422705400E-1,8.554714051E-1
2.083333333E-1,1.323142368E0,1.408868812E-1,8.774451610E-1
2.125000000E-1,1.326713001E0,1.397722563E-1,8.623577763E-1
2.166666667E-1,1.329944154E0,1.385676514E-1,8.712870694E-1
2.208333333E-1,1.333527347E0,1.372657002E-1,9.019915332E-1
2.250000000E-1,1.337058476E0,1.361416163E-1,9.011728848E-1
2.291666667E-1,1.340734754E0,1.351562008E-1,9.039068647E-1
2.333333333E-1,1.344244799E0,1.338841453E-1,9.321849781E-1
2.375000000E-1,1.347897624E0,1.321498154E-1,9.993748995E-1
2.416666667E-1,1.351951087E0,1.307264918E-1,1.001805484E0
2.458333333E-1,1.355808615E0,1.294830460E-1,1.008136095E0
2.500000000E-1,1.359924817E0,1.280809871E-1,1.036980729E0
