mass_A
t,x,y,v
1.708333333E-1,1.299895596E0,1.518902032E-1,9.236199479E-1
1.750000000E-1,1.303242994E0,1.498883246E-1,9.162792991E-1
1.791666667E-1,1.306731663E0,1.484885119E-1,9.204234617E-1
1.833333333E-1,1.310140429E0,1.465331371E-1,9.300024999E-1
1.875000000E-1,1.313651165E0,1.449980513E-1,9.239499446E-1
1.916666667E-1,1.316997493E0,1.430311022E-1,9.247214493E-1
1.958333333E-1,1.320564910E0,1.415947063E-1,9.289618179E-1
2.000000000E-1,1.323990237E0,1.397099557E-1,9.351137097E-1
2.041666667E-1,1.327504962E0,1.380506251E-1,9.374690798E-1
2.083333333E-1,1.331122332E0,1.365217972E-1,9.391289215E-1
2.125000000E-1,1.334689849E0,1.349482336E-1,9.488112349E-1
2.166666667E-1,1.338325665E0,1.332616068E-1,9.964698422E-1
2.208333333E-1,1.342304781E0,1.316364620E-1,9.736193981E-1
2.250000000E-1,1.345699703E0,1.298774713E-1,9.685237987E-1
2.291666667E-1,1.349626836E0,1.282410147E-1,1.039347259E0
2.333333333E-1,1.353737926E0,1.266519753E-1,1.031472436E0
