mass_B
t,x,y,v
1.000000000E-1,1.301124271E0,1.504249685E-1,9.508504564E-1
1.041666667E-1,1.304717805E0,1.490864190E-1,9.383707728E-1
1.083333333E-1,1.308353842E0,1.474447201E-1,9.356612983E-1
1.125000000E-1,1.311778440E0,1.457783356E-1,9.024394865E-1
1.166666667E-1,1.315143737E0,1.442116588E-1,9.258975028E-1
1.208333333E-1,1.318682294E0,1.423329676E-1,9.397206730E-1
1.250000000E-1,1.322189637E0,1.407940674E-1,9.162249656E-1
1.291666667E-1,1.325663598E0,1.392414002E-1,9.088522879E-1
1.333333333E-1,1.328985326E0,1.374503273E-1,9.137854011E-1
1.375000000E-1,1.332389094E0,1.356701146E-1,9.327306955E-1
1.416666667E-1,1.335941652E0,1.339825816E-1,9.604700371E-1
1.458333333E-1,1.339489725E0,1.319763732E-1,9.265038478E-1
