mass_A
t,x,y,v
1.125000000E-1,1.301276704E0,1.484419513E-1,7.693293375E-1
1.166666667E-1,1.304147487E0,1.471182973E-1,7.998961817E-1
1.208333333E-1,1.307507621E0,1.460737060E-1,8.389478826E-1
1.250000000E-1,1.310762061E0,1.448545085E-1,8.129768207E-1
1.291666667E-1,1.313873712E0,1.437561873E-1,7.804609037E-1
1.333333333E-1,1.316882901E0,1.426555865E-1,8.087040518E-1
1.375000000E-1,1.320129815E0,1.412505945E-1,8.189828201E-1
1.416666667E-1,1.323260847E0,1.402264968E-1,7.823038404E-1
1.458333333E-1,1.326252338E0,1.390112491E-1,7.763387510E-1
1.500000000E-1,1.329195886E0,1.376516933E-1,8.411087671E-1
1.541666667E-1,1.332885544E0,1.367462934E-1,8.550952318E-1
1.583333333E-1,1.335982194E0,1.354784584E-1,7.894551510E-1
1.625000000E-1,1.339038978E0,1.344191130E-1,8.209474758E-1
1.666666667E-1,1.342382692E0,1.330626696E-1,8.672467221E-1
1.708333333E-1,1.345855486E0,1.320179570E-1,8.699223480E-1
1.750000000E-1,1.349238646E0,1.307070344E-1,8.898087313E-1
1.791666667E-1,1.352859843E0,1.295843809E-1,8.970501340E-1
