mass_A
t,x,y,v
1.166666667E-1,1.301576417E0,1.508257295E-1,8.896508973E-1
1.208333333E-1,1.304980880E0,1.495310319E-1,8.910457690E-1
1.250000000E-1,1.308416758E0,1.479367807E-1,9.130951792E-1
1.291666667E-1,1.311891746E0,1.463468943E-1,9.026794049E-1
1.333333333E-1,1.315307246E0,1.449190679E-1,9.089585240E-1
1.375000000E-1,1.318730563E0,1.430902121E-1,8.962602491E-1
1.416666667E-1,1.322016289E0,1.416369576E-1,8.769878639E-1
1.458333333E-1,1.325460855E0,1.402418059E-1,9.094638007E-1
1.500000000E-1,1.328950929E0,1.385791869E-1,9.177248976E-1
1.541666667E-1,1.332306168E0,1.368316558E-1,8.562628726E-1
1.583333333E-1,1.335259810E0,1.352454612E-1,8.525571644E-1
1.625000000E-1,1.338691579E0,1.337167747E-1,8.755854688E-1
1.666666667E-1,1.341927494E0,1.322820904E-1,8.099406356E-1
