mass_A
t,x,y
0.000000000E0,8.403755109E-3,2.660457937E-1
4.166666667E-3,8.403755109E-3,2.660457937E-1
8.333333333E-3,8.403755109E-3,2.660457937E-1
1.250000000E-2,8.403755109E-3,2.660457937E-1
1.666666667E-2,8.403755097E-3,2.660457935E-1
2.083333333E-2,8.375285539E-3,2.660459792E-1
2.500000000E-2,8.398212386E-3,2.660435633E-1
2.916666667E-2,8.393984572E-3,2.660439237E-1
3.333333333E-2,8.388359511E-3,2.660442764E-1
3.750000000E-2,8.392120100E-3,2.660441624E-1
4.166666667E-2,8.394938304E-3,2.660441541E-1
4.583333333E-2,8.397116136E-3,2.660441314E-1
5.000000000E-2,8.398663609E-3,2.660439111E-1
5.416666667E-2,8.402810102E-3,2.660421401E-1
5.833333333E-2,8.404225392E-3,2.660422194E-1
6.250000000E-2,8.405704401E-3,2.660418626E-1
6.666666667E-2,8.407126379E-3,2.660409712E-1
7.083333333E-2,8.425189370E-3,2.660384826E-1
7.500000000E-2,8.442556513E-3,2.660347559E-1
7.916666667E-2,8.462101014E-3,2.660331614E-1
8.333333333E-2,8.479897138E-3,2.660311520E-1
8.750000000E-2,8.430571548E-3,2.660372582E-1
9.166666667E-2,8.407390560E-3,2.660416788E-1
9.583333333E-2,8.447984459E-3,2.660350250E-1
1.000000000E-1,8.436749249E-3,2.660374765E-1
1.041666667E-1,8.443120983E-3,2.660366273E-1
1.083333333E-1,8.451078033E-3,2.660358999E-1
1.125000000E-1,8.454358187E-3,2.660354956E-1
1.166666667E-1,8.457993126E-3,2.660363977E-1
1.208333333E-1,8.490647396E-3,2.660151322E-1
1.250000000E-1,8.525150125E-3,2.659912860E-1
1.291666667E-1,8.558040599E-3,2.659671543E-1
1.333333333E-1,8.587379986E-3,2.659430083E-1
1.375000000E-1,8.820829018E-3,2.659067877E-1
1.416666667E-1,9.185333342E-3,2.659804866E-1
1.458333333E-1,9.336086108E-3,2.659946454E-1
1.500000000E-1,9.622815485E-3,2.659443603E-1
1.541666667E-1,9.741298642E-3,2.658943770E-1
1.583333333E-1,9.946658303E-3,2.658334501E-1
1.625000000E-1,1.049324513E-2,2.659006877E-1
1.666666667E-1,1.074051451E-2,2.658780477E-1
1.708333333E-1,1.091810577E-2,2.658120053E-1
1.750000000E-1,1.136132461E-2,2.658652469E-1
1.791666667E-1,1.188169503E-2,2.658206902E-1
1.833333333E-1,1.221409344E-2,2.656709348E-1
1.875000000E-1,1.264570998E-2,2.657480214E-1
1.916666667E-1,1.299831587E-2,2.656597130E-1
1.958333333E-1,1.329096598E-2,2.655607632E-1
2.000000000E-1,1.391340082E-2,2.657036993E-1
2.041666667E-1,1.420600314E-2,2.657055220E-1
2.083333333E-1,1.440731417E-2,2.656114992E-1
2.125000000E-1,1.498516219E-2,2.653706080E-1
2.166666667E-1,1.534145846E-2,2.650622498E-1
2.208333333E-1,1.574506563E-2,2.648822702E-1
2.250000000E-1,1.632570193E-2,2.648442312E-1
2.291666667E-1,1.675403135E-2,2.647129344E-1
2.333333333E-1,1.732178478E-2,2.647217776E-1
2.375000000E-1,1.774180832E-2,2.646495147E-1
2.416666667E-1,1.847824259E-2,2.645919765E-1
2.458333333E-1,1.896416328E-2,2.644548280E-1
2.500000000E-1,1.972553072E-2,2.644411367E-1
2.541666667E-1,2.009910191E-2,2.638489410E-1
2.583333333E-1,2.085366699E-2,2.637857671E-1
2.625000000E-1,2.142708595E-2,2.636261950E-1
2.666666667E-1,2.227692449E-2,2.635705674E-1
2.708333333E-1,2.295277264E-2,2.634446668E-1
2.750000000E-1,2.363228967E-2,2.632001366E-1
2.791666667E-1,2.440793218E-2,2.628914526E-1
2.833333333E-1,2.500762982E-2,2.624857598E-1
2.875000000E-1,2.581502052E-2,2.624022942E-1
2.916666667E-1,2.682997625E-2,2.622282299E-1
2.958333333E-1,2.724683576E-2,2.622466823E-1
3.000000000E-1,2.813184009E-2,2.619856116E-1
3.041666667E-1,2.888501870E-2,2.618198896E-1
3.083333333E-1,2.948551551E-2,2.613895239E-1
3.125000000E-1,3.034075693E-2,2.612347519E-1
3.166666667E-1,3.098598715E-2,2.610376453E-1
3.208333333E-1,3.184653179E-2,2.606758139E-1
3.250000000E-1,3.272543721E-2,2.602231009E-1
3.291666667E-1,3.378778590E-2,2.600284899E-1
3.333333333E-1,3.449197041E-2,2.598075460E-1
3.375000000E-1,3.543724474E-2,2.598009411E-1
3.416666667E-1,3.632373651E-2,2.595843748E-1
3.458333333E-1,3.727410064E-2,2.591881296E-1
3.500000000E-1,3.808886996E-2,2.588908937E-1
3.541666667E-1,3.904343968E-2,2.587980014E-1
3.583333333E-1,3.989839833E-2,2.587125129E-1
3.625000000E-1,4.097542184E-2,2.582471749E-1
3.666666667E-1,4.191892992E-2,2.577807004E-1
3.708333333E-1,4.292163893E-2,2.576112159E-1
3.750000000E-1,4.413617294E-2,2.574271186E-1
3.791666667E-1,4.531070365E-2,2.569289630E-1
3.833333333E-1,4.644131022E-2,2.566047660E-1
3.875000000E-1,4.728388888E-2,2.564161234E-1
3.916666667E-1,4.873432429E-2,2.562351690E-1
3.958333333E-1,4.980095988E-2,2.559368850E-1
4.000000000E-1,5.101717465E-2,2.554097463E-1
4.041666667E-1,5.232388466E-2,2.552869172E-1
4.083333333E-1,5.343683001E-2,2.550500859E-1
4.125000000E-1,5.450674890E-2,2.548287944E-1
4.166666667E-1,5.574275023E-2,2.543284532E-1
4.208333333E-1,5.701652186E-2,2.541833934E-1
4.250000000E-1,5.816947044E-2,2.540834541E-1
4.291666667E-1,5.933190347E-2,2.538605794E-1
4.333333333E-1,6.047609338E-2,2.536983005E-1
4.375000000E-1,6.182812240E-2,2.531821964E-1
4.416666667E-1,6.291298062E-2,2.529497422E-1
4.458333333E-1,6.419251428E-2,2.526917378E-1
4.500000000E-1,6.579310151E-2,2.522792237E-1
4.541666667E-1,6.713644138E-2,2.520882328E-1
4.583333333E-1,6.870294955E-2,2.517898554E-1
4.625000000E-1,6.992627906E-2,2.516296243E-1
4.666666667E-1,7.162514895E-2,2.513766789E-1
4.708333333E-1,7.306599083E-2,2.514234264E-1
4.750000000E-1,7.451589104E-2,2.509913073E-1
4.791666667E-1,7.628732452E-2,2.507865890E-1
4.833333333E-1,7.779996455E-2,2.503776700E-1
4.875000000E-1,7.939917573E-2,2.503175515E-1
4.916666667E-1,8.098251398E-2,2.501629376E-1
4.958333333E-1,8.255642327E-2,2.496223024E-1
5.000000000E-1,8.448951949E-2,2.493866705E-1
5.041666667E-1,8.591153754E-2,2.491802749E-1
5.083333333E-1,8.802904346E-2,2.491811888E-1
5.125000000E-1,8.998758825E-2,2.490417893E-1
5.166666667E-1,9.138322215E-2,2.485676324E-1
5.208333333E-1,9.311212449E-2,2.481895005E-1
5.250000000E-1,9.522258545E-2,2.481104472E-1
5.291666667E-1,9.689792475E-2,2.478571415E-1
5.333333333E-1,9.871437524E-2,2.475876277E-1
5.375000000E-1,1.007512201E-1,2.472821330E-1
5.416666667E-1,1.027331394E-1,2.469485268E-1
5.458333333E-1,1.045748782E-1,2.468194290E-1
5.500000000E-1,1.067360546E-1,2.465795875E-1
5.541666667E-1,1.088811472E-1,2.460978468E-1
5.583333333E-1,1.107322186E-1,2.457900543E-1
5.625000000E-1,1.127198853E-1,2.455395512E-1
5.666666667E-1,1.149077375E-1,2.454505815E-1
5.708333333E-1,1.170945469E-1,2.447201653E-1
5.750000000E-1,1.194473898E-1,2.444880914E-1
5.791666667E-1,1.214941422E-1,2.442825193E-1
5.833333333E-1,1.239592505E-1,2.435476615E-1
5.875000000E-1,1.263043954E-1,2.432989357E-1
5.916666667E-1,1.287870109E-1,2.426710525E-1
5.958333333E-1,1.309767365E-1,2.421395236E-1
6.000000000E-1,1.331546371E-1,2.415483315E-1
6.041666667E-1,1.357503843E-1,2.410384927E-1
6.083333333E-1,1.380544055E-1,2.407606233E-1
6.125000000E-1,1.404128281E-1,2.404397727E-1
6.166666667E-1,1.428227024E-1,2.397919478E-1
6.208333333E-1,1.451384824E-1,2.393978925E-1
6.250000000E-1,1.475159028E-1,2.387996058E-1
6.291666667E-1,1.497611798E-1,2.383998625E-1
6.333333333E-1,1.521288058E-1,2.374964817E-1
6.375000000E-1,1.543867764E-1,2.372151500E-1
6.416666667E-1,1.566846355E-1,2.363986747E-1
6.458333333E-1,1.589654185E-1,2.360514927E-1
6.500000000E-1,1.613989835E-1,2.351946798E-1
6.541666667E-1,1.637307312E-1,2.348184378E-1
6.583333333E-1,1.658558513E-1,2.341093764E-1
6.625000000E-1,1.683585651E-1,2.337246144E-1
6.666666667E-1,1.704788403E-1,2.327657383E-1
6.708333333E-1,1.730466453E-1,2.324130235E-1
6.750000000E-1,1.752383573E-1,2.316816098E-1
6.791666667E-1,1.775715700E-1,2.313640263E-1
6.833333333E-1,1.798410743E-1,2.303835176E-1
6.875000000E-1,1.820427254E-1,2.301199313E-1
6.916666667E-1,1.845108953E-1,2.293594294E-1
6.958333333E-1,1.866823458E-1,2.290729558E-1
7.000000000E-1,1.890021847E-1,2.287286962E-1
7.041666667E-1,1.913355668E-1,2.280293781E-1
7.083333333E-1,1.936427747E-1,2.278143932E-1
7.125000000E-1,1.959576854E-1,2.276531453E-1
7.166666667E-1,1.983028592E-1,2.270430098E-1
7.208333333E-1,2.006150961E-1,2.267268311E-1
7.250000000E-1,2.029105098E-1,2.265718103E-1
7.291666667E-1,2.052843749E-1,2.264387548E-1
7.333333333E-1,2.076578215E-1,2.263357150E-1
7.375000000E-1,2.099962085E-1,2.259660077E-1
7.416666667E-1,2.122562025E-1,2.256913268E-1
7.458333333E-1,2.147327854E-1,2.256095374E-1
7.500000000E-1,2.169503162E-1,2.253592772E-1
7.541666667E-1,2.192163350E-1,2.253443928E-1
7.583333333E-1,2.217680973E-1,2.253200517E-1
7.625000000E-1,2.243484199E-1,2.253012748E-1
7.666666667E-1,2.271261787E-1,2.253176719E-1
7.708333333E-1,2.296945643E-1,2.253061210E-1
7.750000000E-1,2.322601644E-1,2.254497103E-1
7.791666667E-1,2.349662716E-1,2.254365069E-1
7.833333333E-1,2.376805279E-1,2.255649683E-1
7.875000000E-1,2.402829858E-1,2.258629391E-1
7.916666667E-1,2.432300657E-1,2.261358623E-1
7.958333333E-1,2.458530357E-1,2.261833356E-1
8.000000000E-1,2.484629928E-1,2.263391615E-1
8.041666667E-1,2.514041653E-1,2.263594860E-1
8.083333333E-1,2.541091651E-1,2.264968472E-1
8.125000000E-1,2.568759582E-1,2.266613387E-1
8.166666667E-1,2.601531055E-1,2.267607473E-1
8.208333333E-1,2.627741763E-1,2.265534308E-1
8.250000000E-1,2.657383389E-1,2.265207715E-1
8.291666667E-1,2.689634381E-1,2.263278723E-1
8.333333333E-1,2.714395696E-1,2.262921486E-1
8.375000000E-1,2.747489186E-1,2.263914195E-1
8.416666667E-1,2.776511032E-1,2.262922973E-1
8.458333333E-1,2.806790059E-1,2.262972048E-1
8.500000000E-1,2.837736694E-1,2.261997205E-1
8.541666667E-1,2.865379540E-1,2.260719550E-1
8.583333333E-1,2.896366146E-1,2.260309497E-1
8.625000000E-1,2.922536119E-1,2.260496468E-1
8.666666667E-1,2.953244063E-1,2.257862321E-1
8.708333333E-1,2.983780298E-1,2.258347603E-1
8.750000000E-1,3.012789302E-1,2.256094293E-1
8.791666667E-1,3.040645009E-1,2.252368860E-1
8.833333333E-1,3.066895872E-1,2.248921316E-1
8.875000000E-1,3.097748544E-1,2.246871974E-1
8.916666667E-1,3.125215766E-1,2.245301390E-1
8.958333333E-1,3.154120906E-1,2.241847249E-1
9.000000000E-1,3.178260122E-1,2.239396690E-1
9.041666667E-1,3.206281218E-1,2.236554039E-1
9.083333333E-1,3.233656040E-1,2.234543745E-1
9.125000000E-1,3.258912961E-1,2.231714222E-1
9.166666667E-1,3.283794631E-1,2.226040779E-1
9.208333333E-1,3.309142084E-1,2.222704284E-1
9.250000000E-1,3.336301959E-1,2.221743655E-1
9.291666667E-1,3.361910867E-1,2.219213321E-1
9.333333333E-1,3.385097200E-1,2.213285489E-1
9.375000000E-1,3.409257052E-1,2.210634002E-1
9.416666667E-1,3.435179578E-1,2.208325468E-1
9.458333333E-1,3.456004044E-1,2.207510070E-1
9.500000000E-1,3.485628598E-1,2.201662061E-1
9.541666667E-1,3.511457178E-1,2.198921230E-1
9.583333333E-1,3.535614826E-1,2.197113742E-1
9.625000000E-1,3.560854969E-1,2.195646926E-1
9.666666667E-1,3.587232241E-1,2.192087460E-1
9.708333333E-1,3.607745086E-1,2.188355670E-1
9.750000000E-1,3.634550061E-1,2.186247490E-1
9.791666667E-1,3.661689201E-1,2.183498047E-1
9.833333333E-1,3.686564132E-1,2.179389037E-1
9.875000000E-1,3.713557955E-1,2.177157634E-1
9.916666667E-1,3.740628238E-1,2.174637100E-1
9.958333333E-1,3.766734202E-1,2.171460829E-1
1.000000000E0,3.792337490E-1,2.167428983E-1
1.004166667E0,3.820164596E-1,2.163619892E-1
1.008333333E0,3.848664561E-1,2.160301390E-1
1.012500000E0,3.880391837E-1,2.158627938E-1
1.016666667E0,3.906647724E-1,2.154313117E-1
1.020833333E0,3.937917399E-1,2.149397804E-1
1.025000000E0,3.965387409E-1,2.145215149E-1
1.029166667E0,3.997399432E-1,2.140101103E-1
1.033333333E0,4.026565502E-1,2.132717844E-1
1.037500000E0,4.056908349E-1,2.127901851E-1
1.041666667E0,4.089797047E-1,2.121624825E-1
1.045833333E0,4.123231740E-1,2.114200810E-1
1.050000000E0,4.155126958E-1,2.104382009E-1
1.054166667E0,4.187111850E-1,2.096298979E-1
1.058333333E0,4.218443836E-1,2.086927655E-1
1.062500000E0,4.252246092E-1,2.077361547E-1
1.066666667E0,4.286053430E-1,2.065720797E-1
1.070833333E0,4.318630510E-1,2.053734627E-1
1.075000000E0,4.354047166E-1,2.039158218E-1
1.079166667E0,4.388908414E-1,2.025563374E-1
1.083333333E0,4.424188549E-1,2.007382929E-1
1.087500000E0,4.455456234E-1,1.994903627E-1
1.091666667E0,4.493799237E-1,1.978022854E-1
1.095833333E0,4.528015194E-1,1.960101147E-1
1.100000000E0,4.563008126E-1,1.943586242E-1
1.104166667E0,4.596477525E-1,1.926979239E-1
1.108333333E0,4.628157522E-1,1.905824871E-1
1.112500000E0,4.661430416E-1,1.886668159E-1
1.116666667E0,4.692617604E-1,1.866856609E-1
1.120833333E0,4.726481201E-1,1.847158215E-1
1.125000000E0,4.759462176E-1,1.827476169E-1
1.129166667E0,4.792873554E-1,1.807776931E-1
1.133333333E0,4.826208852E-1,1.786100226E-1
1.137500000E0,4.855887970E-1,1.763930248E-1
1.141666667E0,4.890035317E-1,1.743924096E-1
1.145833333E0,4.922727929E-1,1.725723624E-1
1.150000000E0,4.955240191E-1,1.703487012E-1
1.154166667E0,4.987596387E-1,1.682251546E-1
1.158333333E0,5.023048045E-1,1.663366476E-1
1.162500000E0,5.059498701E-1,1.645221847E-1
1.166666667E0,5.094488259E-1,1.627021129E-1
1.170833333E0,5.130382182E-1,1.609023138E-1
1.175000000E0,5.166310709E-1,1.588050523E-1
1.179166667E0,5.201872860E-1,1.572817248E-1
1.183333333E0,5.237339902E-1,1.555134519E-1
1.187500000E0,5.278644654E-1,1.538768512E-1
1.191666667E0,5.317767992E-1,1.524537061E-1
1.195833333E0,5.359083011E-1,1.509280958E-1
1.200000000E0,5.401860424E-1,1.493526009E-1
1.204166667E0,5.443671419E-1,1.479232992E-1
1.208333333E0,5.489533689E-1,1.468109776E-1
1.212500000E0,5.535591101E-1,1.456561721E-1
1.216666667E0,5.581138005E-1,1.442256735E-1
1.220833333E0,5.628406882E-1,1.430894128E-1
1.225000000E0,5.675233456E-1,1.419454781E-1
1.229166667E0,5.723303010E-1,1.408107310E-1
1.233333333E0,5.772147807E-1,1.397563819E-1
1.237500000E0,5.822341382E-1,1.383161820E-1
1.241666667E0,5.870387167E-1,1.373493316E-1
1.245833333E0,5.918636319E-1,1.362215042E-1
1.250000000E0,5.969353651E-1,1.354314861E-1
1.254166667E0,6.017863946E-1,1.346451831E-1
1.258333333E0,6.065589137E-1,1.339729399E-1
1.262500000E0,6.114156492E-1,1.336013017E-1
1.266666667E0,6.159352404E-1,1.332887598E-1
1.270833333E0,6.206118413E-1,1.332896687E-1
1.275000000E0,6.250110291E-1,1.332789576E-1
1.279166667E0,6.293157540E-1,1.333486531E-1
1.283333333E0,6.334349440E-1,1.335945396E-1
1.287500000E0,6.378561150E-1,1.337552752E-1
1.291666667E0,6.417564998E-1,1.342696351E-1
1.295833333E0,6.461068345E-1,1.347777017E-1
1.300000000E0,6.497946250E-1,1.357643148E-1
1.304166667E0,6.539231699E-1,1.366654194E-1
1.308333333E0,6.581148270E-1,1.374209624E-1
1.312500000E0,6.620704193E-1,1.383364676E-1
1.316666667E0,6.661753491E-1,1.392412340E-1
1.320833333E0,6.699145083E-1,1.405225553E-1
1.325000000E0,6.740915799E-1,1.414465298E-1
1.329166667E0,6.784232645E-1,1.427329388E-1
1.333333333E0,6.823684018E-1,1.437728265E-1
1.337500000E0,6.867738844E-1,1.447782257E-1
1.341666667E0,6.911637224E-1,1.462558951E-1
1.345833333E0,6.953822069E-1,1.472288366E-1
1.350000000E0,6.998139215E-1,1.483153437E-1
1.354166667E0,7.042660380E-1,1.493502116E-1
1.358333333E0,7.088609262E-1,1.503704404E-1
1.362500000E0,7.132680009E-1,1.512360068E-1
1.366666667E0,7.181239622E-1,1.518936699E-1
1.370833333E0,7.227021546E-1,1.522342691E-1
1.375000000E0,7.272504205E-1,1.527593933E-1
1.379166667E0,7.319058079E-1,1.536591433E-1
1.383333333E0,7.363130632E-1,1.538393415E-1
1.387500000E0,7.405161673E-1,1.539852844E-1
1.391666667E0,7.447146835E-1,1.538372293E-1
1.395833333E0,7.493944694E-1,1.539537446E-1
1.400000000E0,7.534311459E-1,1.538417665E-1
1.404166667E0,7.575658039E-1,1.537882383E-1
1.408333333E0,7.615755945E-1,1.535492731E-1
1.412500000E0,7.656436023E-1,1.533818612E-1
1.416666667E0,7.693958604E-1,1.532278914E-1
1.420833333E0,7.730322978E-1,1.528313735E-1
1.425000000E0,7.769048434E-1,1.524898512E-1
1.429166667E0,7.807802903E-1,1.522766248E-1
1.433333333E0,7.843983353E-1,1.515879817E-1
1.437500000E0,7.878519368E-1,1.510669298E-1
1.441666667E0,7.915820748E-1,1.507834647E-1
1.445833333E0,7.953661582E-1,1.502926058E-1
1.450000000E0,7.992986909E-1,1.498347094E-1
1.454166667E0,8.029637922E-1,1.495746125E-1
1.458333333E0,8.066285239E-1,1.487858757E-1
1.462500000E0,8.107334975E-1,1.483832740E-1
1.466666667E0,8.144122674E-1,1.475849636E-1
1.470833333E0,8.185488969E-1,1.473802068E-1
1.475000000E0,8.225315724E-1,1.465990680E-1
1.479166667E0,8.267890138E-1,1.457324108E-1
1.483333333E0,8.310164192E-1,1.451670547E-1
1.487500000E0,8.352446705E-1,1.442296311E-1
1.491666667E0,8.395985946E-1,1.434677716E-1
1.495833333E0,8.440392265E-1,1.425947381E-1
1.500000000E0,8.487164026E-1,1.413058304E-1
1.504166667E0,8.534865727E-1,1.401035307E-1
1.508333333E0,8.582633271E-1,1.389681056E-1
1.512500000E0,8.629507768E-1,1.370398142E-1
1.516666667E0,8.675808018E-1,1.356204059E-1
1.520833333E0,8.722334252E-1,1.339526752E-1
1.525000000E0,8.770463479E-1,1.323857735E-1
1.529166667E0,8.815375485E-1,1.308679927E-1
1.533333333E0,8.861576725E-1,1.287267682E-1
1.537500000E0,8.909102461E-1,1.268252168E-1
1.541666667E0,8.953813059E-1,1.250763603E-1
1.545833333E0,8.997915222E-1,1.234099799E-1
1.550000000E0,9.041066106E-1,1.214547962E-1
1.554166667E0,9.087992056E-1,1.197168162E-1
1.558333333E0,9.129029387E-1,1.176291800E-1
1.562500000E0,9.173752171E-1,1.157939139E-1
1.566666667E0,9.212365244E-1,1.144280688E-1
1.570833333E0,9.254995966E-1,1.131056092E-1
1.575000000E0,9.299791656E-1,1.119808527E-1
1.579166667E0,9.344650568E-1,1.108267829E-1
1.583333333E0,9.384546518E-1,1.098052442E-1
1.587500000E0,9.427784737E-1,1.094943280E-1
1.591666667E0,9.473539529E-1,1.086854534E-1
1.595833333E0,9.517906943E-1,1.084428674E-1
1.600000000E0,9.564935668E-1,1.085107754E-1
1.604166667E0,9.609383748E-1,1.087999276E-1
1.608333333E0,9.657767104E-1,1.092721270E-1
1.612500000E0,9.706147648E-1,1.097479778E-1
1.616666667E0,9.753096269E-1,1.104743412E-1
1.620833333E0,9.801593709E-1,1.108213471E-1
1.625000000E0,9.849093486E-1,1.117905291E-1
1.629166667E0,9.901290415E-1,1.128355525E-1
1.633333333E0,9.949946286E-1,1.139602971E-1
1.637500000E0,9.997089287E-1,1.151451027E-1
1.641666667E0,1.004699115E0,1.160153562E-1
1.645833333E0,1.009410359E0,1.170059725E-1
1.650000000E0,1.013751578E0,1.178033862E-1
1.654166667E0,1.018341766E0,1.186121690E-1
1.658333333E0,1.022897625E0,1.198416050E-1
1.662500000E0,1.027391704E0,1.208849550E-1
1.666666667E0,1.031755902E0,1.222881289E-1
1.670833333E0,1.035850202E0,1.230730676E-1
1.675000000E0,1.039998854E0,1.243092623E-1
1.679166667E0,1.043891583E0,1.253037927E-1
1.683333333E0,1.047873110E0,1.265541520E-1
1.687500000E0,1.051793006E0,1.277417362E-1
1.691666667E0,1.055214309E0,1.286544957E-1
1.695833333E0,1.058785007E0,1.297334481E-1
1.700000000E0,1.062182718E0,1.309196669E-1
1.704166667E0,1.064961929E0,1.320958616E-1
1.708333333E0,1.068138514E0,1.334178578E-1
1.712500000E0,1.071147667E0,1.351959381E-1
1.716666667E0,1.074280551E0,1.366355427E-1
1.720833333E0,1.076854584E0,1.382483427E-1
1.725000000E0,1.080025260E0,1.400564608E-1
1.729166667E0,1.083131427E0,1.421805502E-1
1.733333333E0,1.085798822E0,1.435614515E-1
1.737500000E0,1.088953981E0,1.456458332E-1
1.741666667E0,1.091756438E0,1.470013162E-1
1.745833333E0,1.094884012E0,1.483831716E-1
1.750000000E0,1.098172191E0,1.502941934E-1
1.754166667E0,1.101249976E0,1.518265059E-1
1.758333333E0,1.104265363E0,1.532739476E-1
1.762500000E0,1.107667832E0,1.547691343E-1
1.766666667E0,1.110955371E0,1.560418300E-1
1.770833333E0,1.113917449E0,1.573034091E-1
1.775000000E0,1.117047530E0,1.586080681E-1
1.779166667E0,1.120303721E0,1.598065734E-1
1.783333333E0,1.123215493E0,1.607994542E-1
1.787500000E0,1.126314140E0,1.618811779E-1
1.791666667E0,1.129637116E0,1.629404983E-1
1.795833333E0,1.132451750E0,1.639912132E-1
1.800000000E0,1.135504293E0,1.646912797E-1
1.804166667E0,1.138364429E0,1.651825090E-1
1.808333333E0,1.141392213E0,1.661973158E-1
1.812500000E0,1.144024153E0,1.665993125E-1
1.816666667E0,1.146971753E0,1.674335220E-1
1.820833333E0,1.149456625E0,1.676195876E-1
1.825000000E0,1.152375693E0,1.684013268E-1
1.829166667E0,1.155028753E0,1.686497295E-1
1.833333333E0,1.157565547E0,1.687357472E-1
1.837500000E0,1.159856402E0,1.691549142E-1
1.841666667E0,1.162296165E0,1.693468855E-1
1.845833333E0,1.164647312E0,1.696823223E-1
1.850000000E0,1.166869089E0,1.697285941E-1
1.854166667E0,1.169044600E0,1.697328089E-1
1.858333333E0,1.171283481E0,1.698912480E-1
1.862500000E0,1.173819767E0,1.706414769E-1
1.866666667E0,1.175992753E0,1.708500508E-1
1.870833333E0,1.178233912E0,1.710646594E-1
1.875000000E0,1.180496380E0,1.713942376E-1
1.879166667E0,1.182592280E0,1.716248664E-1
1.883333333E0,1.185094116E0,1.717583630E-1
1.887500000E0,1.187428918E0,1.717703192E-1
1.891666667E0,1.189886912E0,1.719965419E-1
1.895833333E0,1.191726529E0,1.721631076E-1
1.900000000E0,1.193855453E0,1.724132297E-1
1.904166667E0,1.196303253E0,1.728647695E-1
1.908333333E0,1.198653415E0,1.730154145E-1
1.912500000E0,1.201094034E0,1.732438378E-1
1.916666667E0,1.203747879E0,1.731700565E-1
1.920833333E0,1.206394458E0,1.737713989E-1
1.925000000E0,1.208837559E0,1.740463996E-1
1.929166667E0,1.211704943E0,1.741845778E-1
1.933333333E0,1.214382354E0,1.740910261E-1
1.937500000E0,1.216834279E0,1.740000908E-1
1.941666667E0,1.220055305E0,1.738817057E-1
1.945833333E0,1.222564955E0,1.739375062E-1
1.950000000E0,1.225070986E0,1.738367831E-1
1.954166667E0,1.228134355E0,1.739231203E-1
1.958333333E0,1.230685866E0,1.734594639E-1
1.962500000E0,1.233996623E0,1.733997830E-1
1.966666667E0,1.236579893E0,1.734131564E-1
1.970833333E0,1.239887370E0,1.729852390E-1
1.975000000E0,1.242654088E0,1.726876253E-1
1.979166667E0,1.245610015E0,1.719522772E-1
1.983333333E0,1.248424446E0,1.715744505E-1
1.987500000E0,1.251414917E0,1.711258094E-1
1.991666667E0,1.254512182E0,1.703503461E-1
1.995833333E0,1.257387515E0,1.699374138E-1
2.000000000E0,1.260599094E0,1.691978502E-1
2.004166667E0,1.263608578E0,1.683645154E-1
2.008333333E0,1.266607965E0,1.673605098E-1
2.012500000E0,1.269755422E0,1.665181247E-1
2.016666667E0,1.272414196E0,1.656625655E-1
2.020833333E0,1.275666384E0,1.647067184E-1
2.025000000E0,1.278914011E0,1.634573136E-1
2.029166667E0,1.281741687E0,1.622560954E-1
2.033333333E0,1.284759454E0,1.610791375E-1
2.037500000E0,1.287820564E0,1.598608975E-1
2.041666667E0,1.290740532E0,1.586318750E-1
2.045833333E0,1.293896936E0,1.574713437E-1
2.050000000E0,1.296732407E0,1.561491826E-1
2.054166667E0,1.299826188E0,1.549493375E-1
2.058333333E0,1.302692046E0,1.536032927E-1
2.062500000E0,1.305727340E0,1.522767694E-1
2.066666667E0,1.308444545E0,1.510686739E-1
2.070833333E0,1.311291032E0,1.498496251E-1
2.075000000E0,1.314399018E0,1.483443446E-1
2.079166667E0,1.317274386E0,1.469205882E-1
2.083333333E0,1.320308719E0,1.456018005E-1
2.087500000E0,1.323279108E0,1.446490901E-1
2.091666667E0,1.326558515E0,1.432306571E-1
2.095833333E0,1.329239584E0,1.419522771E-1
2.100000000E0,1.332483079E0,1.407835898E-1
2.104166667E0,1.335426943E0,1.395012089E-1
2.108333333E0,1.338433138E0,1.385026156E-1
2.112500000E0,1.341693758E0,1.372534463E-1
2.116666667E0,1.345146872E0,1.360549265E-1
2.120833333E0,1.348485033E0,1.348674529E-1
